$ANSIBLE_VAULT;1.1;AES256
62633563616466316533363239333465303332386330373362316564623639656230636365303339
3165616636393730643638663439613639373539343165610a633838353366333734373862616162
37326234346365373630353066316537323065613165636632383632633337633066383530633332
3130313831313233630a623831643665633464343963643364356630383730656261663464343066
62633064633132623161393931626664636563356238646563656531353935613962366635333264
30313031323834623237343135326338336366363163333231393431366261326135343233366330
31306165316231306562623165316533376633383930336132373335366632666434303436326438
38383261343531326361353965643538653735306163393532383462386262626134323562356261
35356535363264396232623030363339336437326563643436623636393530373761613138663163
33353039626331623237666262326466313033336236623361643539353762366138646432333266
30643064363662336635353437353762303634386463323439613230666232373832663734643739
35653831346564393934646361303730356266316634623963643831643364373663626366316232
3463
